v1 = 10
v2 = 13
x = 1.32

fcdf(1.32,10,13)
1-fcdf(1.32,10,13)